1102
1210
1227
1229
1434
1440
1476
1477
1504
1605
1717
1722
1802
1904
1907
2006
2014
2023
2027
2049
2105
2108
2201
2227
2301
2313
2324
2337
2344
2345
2347
2352
2353
2354
2356
2360
2371
2376
2377
2383
2385
2404
2441
2449
2458
2474
2492
2542
2606
2610
2618
2633
2637
2809
2812
2823
2834
2845
2883
2888
2889
2890
2915
3023
3037
3044
3189
3231
3406
3443
3481
3532
3533
3653
3661
3702
3714
4919
4958
5269
5522
6116
6176
6213
6239
6269
6271
6409
6456
6531
6592
6669
6781
8464
9904
9914
9917
9921
9941
9945
2330
2454
2317
2303
2881
2308
1301
1303
2882
202109TX
2002
3711
2412
2891
2603
2886
5871
1216
2884
2885
1326
2615
3008
2379
3034
1101
2892
6415
2357
2327
5880
2382
2609
2880
2887
2207
3045
2409
2912
2395
5876
4938
6505
1590
1402
2801
1102
4904
9910
8046
2408
2377
3533
2027
2618
006208
0050
2337